trajectory/latitude: [39.71812427,39.71812427,39.71814227,39.71814327,39.71814244,39.71813959,39.71813473,39.7181281,39.71812016,39.71811154,39.71810303,39.71809548,39.71808972,39.71808647,39.71808629,39.71808948,39.71809603,39.71810565,39.7181177,39.71813128,39.71814531,39.71815855,39.71816977,39.71817785,39.71818188,39.71818123,39.71817567,39.7181654,39.71815102,39.71813355,39.71811432,39.7180949,39.71807693,39.71806204,39.71805165,39.71804687,39.71804836,39.7180563,39.7180703,39.71808945,39.71811235,39.71813722,39.71816204,39.71818472,39.71820327,39.71821595,39.71822148,39.71821913,39.71820879,39.71819105,39.71816712,39.7181388,39.71812427,39.71812427]
trajectory/longitude: [2.58710593,2.58710593,2.58710593,2.58711318,2.58712112,2.58712893,2.58713573,2.58714067,2.58714299,2.5871421,2.58713774,2.58712993,2.58711906,2.58710587,2.58709136,2.58707676,2.58706342,2.58705267,2.58704569,2.5870434,2.58704638,2.58705474,2.58706811,2.58708566,2.58710612,2.58712788,2.58714913,2.58716799,2.58718267,2.58719168,2.58719392,2.58718883,2.58717647,2.58715752,2.58713328,2.58710555,2.58707653,2.58704864,2.58702428,2.58700568,2.58699467,2.58699249,2.58699971,2.58701609,2.58704063,2.58707157,2.58710657,2.58714283,2.58717737,2.58720722,2.58722972,2.58724272,2.58710593,2.58710593]
trajectory/depth: [3,3,3,3,3,3,3,3,3,3,3,3,3,3,3,3,3,3,3,3,3,3,3,3,3,3,3,3,3,3,3,3,3,3,3,3,3,3,3,3,3,3,3,3,3,3,3,3,3,3,3,3,3,3]
trajectory/wait: [0,0,0,0,0,0,0,0,0,0,0,0,0,0,0,0,0,0,0,0,0,0,0,0,0,0,0,0,0,0,0,0,0,0,0,0,0,0,0,0,0,0,0,0,0,0,0,0,0,0,0,0,0,0]
trajectory/altitude: [3,3,3,3,3,3,3,3,3,3,3,3,3,3,3,3,3,3,3,3,3,3,3,3,3,3,3,3,3,3,3,3,3,3,3,3,3,3,3,3,3,3,3,3,3,3,3,3,3,3,3,3,3,3]
trajectory/altitude_mode: [false,false,false,false,false,false,false,false,false,false,false,false,false,false,false,false,false,false,false,false,false,false,false,false,false,false,false,false,false,false,false,false,false,false,false,false,false,false,false,false,false,false,false,false,false,false,false,false,false,false,false,false,false,false]
trajectory/mode: ['sparus_los','sparus_los','sparus_los','sparus_los','sparus_los','sparus_los','sparus_los','sparus_los','sparus_los','sparus_los','sparus_los','sparus_los','sparus_los','sparus_los','sparus_los','sparus_los','sparus_los','sparus_los','sparus_los','sparus_los','sparus_los','sparus_los','sparus_los','sparus_los','sparus_los','sparus_los','sparus_los','sparus_los','sparus_los','sparus_los','sparus_los','sparus_los','sparus_los','sparus_los','sparus_los','sparus_los','sparus_los','sparus_los','sparus_los','sparus_los','sparus_los','sparus_los','sparus_los','sparus_los','sparus_los','sparus_los','sparus_los','sparus_los','sparus_los','sparus_los','sparus_los','sparus_los','sparus_los','sparus_los']
trajectory/actions: ['','','','','','','','','','','','','','','','','','','','','','','','','','','','','','','','','','','','','','','','','','','','','','','','','','','','','','']
trajectory/roll: [0,0,0,0,0,0,0,0,0,0,0,0,0,0,0,0,0,0,0,0,0,0,0,0,0,0,0,0,0,0,0,0,0,0,0,0,0,0,0,0,0,0,0,0,0,0,0,0,0,0,0,0,0,0]
trajectory/pitch: [0,0,0,0,0,0,0,0,0,0,0,0,0,0,0,0,0,0,0,0,0,0,0,0,0,0,0,0,0,0,0,0,0,0,0,0,0,0,0,0,0,0,0,0,0,0,0,0,0,0,0,0,0,0]
trajectory/yaw: [0,0,0,0,0,0,0,0,0,0,0,0,0,0,0,0,0,0,0,0,0,0,0,0,0,0,0,0,0,0,0,0,0,0,0,0,0,0,0,0,0,0,0,0,0,0,0,0,0,0,0,0,0,0]
trajectory/trajectory_type: 'absolute'
trajectory/disable_axis: [false,true,false,true,true,false]
trajectory/tolerance: [2,2,2,2,2,2]
trajectory/priority: 10
trajectory/time_out: 710