trajectory/latitude: [39.71815419,39.71815419,39.71836653,39.71836601,39.71815367,39.71815315,39.71836549,39.71836653,39.71826035,39.71825931,39.71815314,39.71815418,39.71815418]
trajectory/longitude: [2.58710593,2.58710593,2.58710727,2.58724648,2.58724514,2.58738434,2.58738569,2.58710746,2.58710679,2.58738502,2.58738434,2.58710612,2.58710612]
trajectory/depth: [3,3,3,3,3,3,3,3,3,3,3,3,3]
trajectory/wait: [0,0,0,0,0,0,0,0,0,0,0,0,0]
trajectory/altitude: [3,3,3,3,3,3,3,3,3,3,3,3,3]
trajectory/altitude_mode: [false,false,false,false,false,false,false,false,false,false,false,false,false]
trajectory/mode: ['sparus_los','sparus_los','sparus_los','sparus_los','sparus_los','sparus_los','sparus_los','sparus_los','sparus_los','sparus_los','sparus_los','sparus_los','sparus_los']
trajectory/actions: ['','','','','','','','','','','','','']
trajectory/roll: [0,0,0,0,0,0,0,0,0,0,0,0,0]
trajectory/pitch: [0,0,0,0,0,0,0,0,0,0,0,0,0]
trajectory/yaw: [0,0,0,0,0,0,0,0,0,0,0,0,0]
trajectory/trajectory_type: 'absolute'
trajectory/disable_axis: [false,true,false,true,true,false]
trajectory/tolerance: [2,2,2,2,2,2]
trajectory/priority: 10
trajectory/time_out: 1311